   100.00000000000001     
   100.00000000000003     
   100.00000000000003     
   100.00000000000004     
   100.00000000000004     
   100.00000000000004     
   100.00000000000004     
   100.00000000000004     
   100.00000000000004     
   100.00000000000004     
   100.00000000000004     
   100.00000000000004     
   100.00000000000004     
   100.00000000000004     
   100.00000000000004     
   100.00000000000004     
   100.00000000000004     
   100.00000000000004     
   100.00000000000004     
   100.00000000000004     
   100.00000000000004     
   100.00000000000004     
   100.00000000000004     
   100.00000000000004     
   100.00000000000006     
   100.00000000000006     
   100.00000000000006     
   100.00000000000006     
   100.00000000000004     
   100.00000000000004     
   100.00000000000004     
   100.00000000000004     
   100.00000000000004     
   100.00000000000004     
   100.00000000000004     
   100.00000000000004     
   100.00000000000004     
   100.00000000000004     
   100.00000000000004     
   100.00000000000004     
   100.00000000000004     
   100.00000000000004     
   100.00000000000003     
   100.00000000000003     
   100.00000000000001     
   99.999999999999986     
   99.999999999999929     
   99.999999999999844     
   99.999999999999659     
   99.999999999999318     
   99.999999999998678     
   99.999999999997470     
   99.999999999995168     
   99.999999999990791     
   99.999999999982464     
   99.999999999966661     
   99.999999999936620     
   99.999999999879549     
   99.999999999771134     
   99.999999999565148     
   99.999999999173752     
   99.999999998430084     
   99.999999997017056     
   99.999999994332185     
   99.999999989230716     
   99.999999979537463     
   99.999999961119428     
   99.999999926123522     
   99.999999859628161     
   99.999999733281001     
   99.999999493210041     
   99.999999037053641     
   99.999998170315436     
   99.999996523434831     
   99.999993394213462     
   99.999987448411218     
   99.999976150851779     
   99.999954684471987     
   99.999913896418221     
   99.999836395444802     
   99.999689136619523     
   99.999409331596894     
   99.998877676868943     
   99.997867485032145     
   99.995948029615889     
   99.992300891556738     
   99.985371000969124     
   99.972203585100132     
   99.947184309763102     
   99.899645434662801     
   99.809317293045595     
   99.637685693627134     
   99.311570206343262     
   98.691921427174734     
   97.514532972787038     
   95.277388933891984     
   91.026613896891561     
   82.949758718576660     
   67.603006890113335     
   38.442797070233887     
   99.999224738306609     
   99.997528076994556     
   99.995678700892952     
   99.993662864296155     
   99.991465584261306     
   99.989070529245808     
   99.986459897721275     
   99.983614285861492     
   99.980512543321254     
   99.977131616033915     
   99.973446374859321     
   99.969429428808525     
   99.965050921457021     
   99.960278309033370     
   99.955076118533796     
   99.949405684064857     
   99.943224859454702     
   99.936487704996651     
   99.929144145996929     
   99.921139600588589     
   99.912414574045386     
   99.902904216580211     
   99.892537841341394     
   99.881238399024369     
   99.868921905193673     
   99.855496816058675     
   99.840863348063635     
   99.824912736234651     
   99.807526425771201     
   99.788575190873587     
   99.767918174257019     
   99.745401840213205     
   99.720858833438172     
   99.694106735144246     
   99.664946707210888     
   99.633162014297042     
   99.598516412930095     
   99.560752395598541     
   99.519589276797007     
   99.474721106798199     
   99.425814397645581     
   99.372505644464837     
   99.314398623671067     
   99.251061447990367     
   99.182023356406802     
   99.106771215175755     
   99.024745703896912     
   98.935337158299546     
   98.837881038841033     
   98.731652991438452     
   98.615863463621608     
   98.489651836091284     
   98.352080026064982     
   98.202125514866182     
   98.038673747933913     
   97.860509850764714     
   97.666309599214856     
   97.454629577048451     
   97.223896447576337     
   96.972395259645879     
   96.698256701064622     
   96.399443204717272     
   96.073733804108244     
   95.718707625766626     
   95.331725895819091     
   94.909912326992384     
   94.450131740269484     
   93.948966762302405     
   93.402692425382398     
   92.807248481178860     
   92.158209222465544     
   91.450750588530511     
   90.679614309776852     
   89.839068825014749     
   88.922866680958137     
   87.924198097292461     
   86.835640352180732     
   85.649102612009443     
   84.355765795315079     
   82.946017023922749     
   81.409378174097270     
   79.734427996654745     
   77.908717227183175     
   75.918676055418942     
   73.749513266034157     
   71.385106301187193     
   68.807881427713141     
   65.998683118282827     
   62.936631675690471     
   59.598968042045698     
   55.960884639395992     
   51.995340984482588     
   47.672862707164740     
   42.961322478693162     
   37.825701221556272     
   32.227827826063226     
   26.126095439076661     
   19.475152216177715     
   12.225564238742409     
   4.3234480905208468
   99.691014338420956     
   99.067455571111282     
   98.438284213636820     
   97.803449747634218     
   97.162901200029424     
   96.516587138944857     
   95.864455669569693     
   95.206454429993130     
   94.542530587000044     
   93.872630831828801     
   93.196701375890939     
   92.514687946452284     
   91.826535782275215     
   91.132189629221671     
   90.431593735816605     
   89.724691848771528     
   89.011427208467722     
   88.291742544398801     
   87.565580070572281     
   86.832881480869744     
   86.093587944365211     
   85.347640100601410     
   84.594978054823528     
   83.835541373170059     
   83.069269077820337     
   82.296099642098440     
   81.515970985532960     
   80.728820468872371     
   79.934584889055529     
   79.133200474136828     
   78.324602878165763     
   77.508727176020329     
   76.685507858194015     
   75.854878825535792     
   75.016773383942748     
   74.171124239005024     
   73.317863490602520     
   72.456922627452926     
   71.588232521610706     
   70.711723422916634     
   69.827324953397223     
   68.934966101613924     
   68.034575216961287     
   67.126080003913941     
   66.209407516221702     
   65.284484151052482     
   64.351235643082461     
   63.409587058533049     
   62.459462789154209     
   61.500786546153599     
   60.533481354071078     
   59.557469544598078     
   58.572672750341347     
   57.579011898530545     
   56.576407204669245     
   55.564778166128725     
   54.544043555684148     
   53.514121414992545     
   52.474929048012086     
   51.426383014362145     
   50.368399122623543     
   49.300892423578560     
   48.223777203390057     
   47.136966976719215     
   46.040374479781306     
   44.933911663339011     
   43.817489685632609     
   42.691018905246580     
   41.554408873911981     
   40.407568329244043     
   39.250405187414373     
   38.082826535757256     
   36.904738625309349     
   35.716046863282251     
   34.516655805467330     
   33.306469148572170     
   32.085389722488031     
   30.853319482487748     
   29.610159501353344     
   28.355809961432850     
   27.090170146625585     
   25.813138434295301     
   24.524612287110557     
   23.224488244811639     
   21.912661915903371     
   20.589027969273157     
   19.253480125733581     
   17.905911149488876     
   16.546212839524596     
   15.174276020919775     
   13.789990536080888     
   12.393245235896915     
   10.983927970814797     
   9.5619255818345490     
   8.1271238914233361     
   6.6794076943477565     
   5.2186607484236118     
   3.7447657651824184     
   2.2576044004539053     
   0.75705724486374959     
   99.522155136640919     
   98.565604815841908     
   97.608193513656019     
   96.649920455122526     
   95.690784864583165     
   94.730785965681491     
   93.769922981362257     
   92.808195133870825     
   91.845601644752477     
   90.882141734851842     
   89.917814624312228     
   88.952619532575014     
   87.986555678378991     
   87.019622279759744     
   86.051818554049049     
   85.083143717874165     
   84.113596987157266     
   83.143177577114784     
   82.171884702256776     
   81.199717576386305     
   80.226675412598752     
   79.252757423281238     
   78.277962820111952     
   77.302290814059518     
   76.325740615382387     
   75.348311433628140     
   74.370002477632895     
   73.390812955520630     
   72.410742074702597     
   71.429789041876631     
   70.447953063026517     
   69.465233343421360     
   68.481629087614934     
   67.497139499445041     
   66.511763782032872     
   65.525501137782356     
   64.538350768379502     
   63.550311874791767     
   62.561383657267399     
   61.571565315334823     
   60.580856047801944     
   59.589255052755540     
   58.596761527560574     
   57.603374668859587     
   56.609093672572008     
   55.613917733893530     
   54.617846047295458     
   53.620877806524028     
   52.623012204599789     
   51.624248433816931     
   50.624585685742638     
   49.624023151216434     
   48.622560020349525     
   47.620195482524146     
   46.616928726392892     
   45.612758939878077     
   44.607685310171078     
   43.601707023731670     
   42.594823266287364     
   41.587033222832758     
   40.578336077628869     
   39.568731014202470     
   38.558217215345444     
   37.546793863114111     
   36.534460138828564     
   35.521215223072012     
   34.507058295690115     
   33.491988535790320     
   32.476005121741203     
   31.459107231171789     
   30.441294040970899     
   29.422564727286481     
   28.402918465524937     
   27.382354430350468     
   26.360871795684389     
   25.338469734704482     
   24.315147419844305     
   23.290904022792532     
   22.265738714492290     
   21.239650665140470     
   20.212639044187075     
   19.184703020334531     
   18.155841761537026     
   17.126054434999830     
   16.095340207178623     
   15.063698243778816     
   14.031127709754889     
   12.997627769309698     
   11.963197585893811     
   10.927836322204820     
   9.8915431401866787     
   8.8543172010290068     
   7.8161576651664229     
   6.7770636922778591     
   5.7370344412858856     
   4.6960690703560255     
   3.6541667368960749     
   2.6113265975554225     
   1.5675478082243646     
   0.52282952403342275  
   99.502246750744163     
   98.506650643654339     
   97.510964923953594     
   96.515189583575989     
   95.519324614454860     
   94.523370008522818     
   93.527325757711736     
   92.531191853952777     
   91.534968289176362     
   90.538655055312205     
   89.542252144289279     
   88.545759548035818     
   87.549177258479347     
   86.552505267546664     
   85.555743567163844     
   84.558892149256224     
   83.561951005748426     
   82.564920128564339     
   81.567799509627122     
   80.570589140859198     
   79.573289014182293     
   78.575899121517381     
   77.578419454784708     
   76.580850005903798     
   75.583190766793450     
   74.585441729371738     
   73.587602885556009     
   72.589674227262890     
   71.591655746408250     
   70.593547434907265     
   69.595349284674370     
   68.597061287623262     
   67.598683435666928     
   66.600215720717600     
   65.601658134686815     
   64.603010669485357     
   63.604273317023299     
   62.605446069209982     
   61.606528917954002     
   60.607521855163249     
   59.608424872744870     
   58.609237962605292     
   57.609961116650211     
   56.610594326784593     
   55.611137584912676     
   54.611590882937975     
   53.611954212763266     
   52.612227566290606     
   51.612410935421316     
   50.612504312055989     
   49.612507688094489     
   48.612421055435959     
   47.612244405978807     
   46.611977731620705     
   45.611621024258604     
   44.611174275788727     
   43.610637478106561     
   42.610010623106866     
   41.609293702683672     
   40.608486708730283     
   39.607589633139270     
   38.606602467802475     
   37.605525204611006     
   36.604357835455254     
   35.603100352224864     
   34.601752746808756     
   33.600315011095127     
   32.598787136971438     
   31.597169116324427     
   30.595460941040084     
   29.593662603003690     
   28.591774094099780     
   27.589795406212165     
   26.587726531223929     
   25.585567461017419     
   24.583318187474251     
   23.580978702475317     
   22.578548997900771     
   21.576029065630042     
   20.573418897541824     
   19.570718485514082     
   18.567927821424046     
   17.565046897148221     
   16.562075704562378     
   15.559014235541557     
   14.555862481960066     
   13.552620435691482     
   12.549288088608650     
   11.545865432583685     
   10.542352459487971     
   9.5387491611921558     
   8.5350555295661596     
   7.5312715564791697     
   6.5273972337996424     
   5.5234325533953008     
   4.5193775071331359     
   3.5152320868794078     
   2.5109962844996438     
   1.5066700918586391     
  0.50225350082045661     
 
   
   

